$ 1 0.000005 10.20027730826997 62 5 43 5e-11
f 208 224 240 224 32 1.5 0.02
f 336 208 368 208 32 1.5 0.02
R 128 64 80 64 0 0 40 5 0 0 0.5
g 80 320 80 352 0 0
s 128 64 128 176 0 0 false
r 128 176 128 224 0 220
r 128 224 128 288 0 1000000
w 128 224 208 224 0
w 128 288 128 320 0
w 128 320 80 320 0
r 304 64 304 208 0 1000000
w 128 64 304 64 0
r 368 80 368 128 0 220
162 368 128 368 192 2 default-led 1 0 0 0.01
w 304 208 336 208 0
w 368 224 368 320 0
w 368 320 304 320 0
w 304 64 368 64 0
w 368 64 368 80 0
r 304 208 304 320 0 1000000
w 240 208 304 208 0
w 240 240 240 320 0
w 240 320 304 320 0
w 240 320 128 320 0
